ISS
1 25544U 98067A   21055.71124911  .00002370  00000-0  51156-4 0  9993
2 25544  51.6435 179.0404 0003006  49.0568  32.1507 15.49004174271162
NOAA 15
1 25338U 98030A   21055.54145703  .00000038  00000-0  34507-4 0  9997
2 25338  98.6952  85.0051 0009459 246.7834 113.2350 14.26014346185158
NOAA 18
1 28654U 05018A   21055.40010928  .00000098  00000-0  77502-4 0  9998
2 28654  99.0092 119.7461 0013531 238.4882 121.4968 14.12583855812489
NOAA 19
1 33591U 09005A   21055.49445916  .00000021  00000-0  36750-4 0  9998
2 33591  99.1921  73.3525 0014904  89.6983 270.5895 14.12453254620713
METEOR-M 2
1 40069U 14037A   21055.46768579 -.00000031  00000-0  51702-5 0  9994
2 40069  98.4750  89.0844 0004368 271.9492  88.1188 14.20681148343999